0.000
33.318
66.666
99.985
133.333
166.638
366.586
399.954
433.307
466.646
566.571
733.195
766.518
799.851
833.227
966.489
1033.136
1066.464
1233.100
1266.434
1299.781
1333.107
1366.403
1599.709
1633.032
1666.411
1699.701
1799.664
1833.000
1999.620
2032.961
2066.285
2099.656
2166.272
2232.919
2366.219
2432.879
2466.229
2499.556
2632.835
2699.490
2732.818
2866.123
2899.458
2932.781
2966.106
3132.753
3166.078
3199.401
3266.076
3399.363
3499.333
3532.668
3566.005
3599.355
3732.642
3765.970
3899.260
3932.598
3965.936
4132.556
4165.878
4199.305
4232.601
4299.207
4332.528
4499.163
4532.486
4599.140
4632.472
4665.795
4799.101
4832.429
4932.405
4999.099
5065.711
5099.054
5132.400
5299.003
5365.674
5399.009
5432.338
5465.663
5632.279
5665.634
5765.589
5798.931
5832.252
5932.233
5965.547
6032.244
6165.503
6198.845
6265.485
6332.165
6365.485
6432.122
6498.781
6632.105
6665.413
6698.772
6798.727
6832.046
6998.683
7032.011
7065.353
7131.992
7265.297
7365.285
7398.614
7431.958
7565.262
7598.570
7631.920
7731.948
7765.213
7898.571
7965.167
7998.533
8065.172
8098.514
8231.789
8298.465
8431.761
8465.112
8498.419
8631.718
8665.125
8698.384
8798.357
8865.007
8931.695
9031.643
9098.316
9231.643
9265.062
9298.303
